-0.3342607659482927
-1.0661086493179344
-0.5490812095500958
-0.5400662794919292
-0.5400662794919292
-0.27253762954984356
-0.8075949294340148
-0.2725376295498433
-0.5400662794919292
-0.27253762954984356
-0.7368568629773994
-0.5400662794919292
-0.27253762954984356
-0.8075949294340151
-0.8075949294340151
-0.334260765948296
-1.0661086493179377
-0.5490812095500992
-0.5400662794919325
-0.5400662794919325
-0.27253762954984695
-0.8075949294340181
-0.2725376295498466
-0.5400662794919325
-0.27253762954984695
-0.7368568629774027
-0.5400662794919325
-0.27253762954984695
-0.8075949294340184
-0.8075949294340184
-0.3342607659482927
-1.0661086493179344
-0.5490812095500958
-0.5400662794919292
-0.5400662794919292
-0.27253762954984356
-0.8075949294340148
-0.2725376295498433
-0.5400662794919292
-0.27253762954984356
-0.7368568629773994
-0.5400662794919292
-0.27253762954984356
-0.8075949294340151
-0.8075949294340151
-0.5400662794919292
-0.2725376295498433
-0.5490812095500955
-0.5490812095500958
-0.5400662794919292
-0.8075949294340148
-0.5490812095500952
-0.5400662794919292
-0.5400662794919292
-0.27253762954984356
-0.5400662794919292
-0.5400662794919292
0.004005950450408635
-0.8075949294340148
-0.8075949294340148
-0.334260765948296
-1.0661086493179377
-0.5490812095500992
-0.5400662794919325
-0.5400662794919325
-0.27253762954984695
-0.8075949294340181
-0.2725376295498466
-0.5400662794919325
-0.27253762954984695
-0.7368568629774027
-0.5400662794919325
-0.27253762954984695
-0.8075949294340184
-0.8075949294340184
-0.5400662794919292
-0.2725376295498433
-0.5490812095500955
-0.5490812095500958
-0.5400662794919292
-0.8075949294340148
-0.5490812095500952
-0.5400662794919292
-0.5400662794919292
-0.27253762954984356
-0.5400662794919292
-0.5400662794919292
0.004005950450408635
-0.8075949294340148
-0.8075949294340148
-0.7368568629774027
-0.2725376295498466
-0.5400662794919325
-0.5400662794919325
-0.5400662794919325
-0.27253762954984695
-0.8075949294340181
-0.5400662794919325
-0.2725376295498466
-0.8075949294340184
-0.2725376295498466
-0.8075949294340184
-0.7368568629774027
-0.5400662794919325
-0.8075949294340184
-0.7368568629774027
-0.2725376295498466
-0.5400662794919325
-0.5400662794919325
-0.5400662794919325
-0.27253762954984695
-0.8075949294340181
-0.5400662794919325
-0.2725376295498466
-0.8075949294340184
-0.2725376295498466
-0.8075949294340184
-0.7368568629774027
-0.5400662794919325
-0.8075949294340184
-0.7368568629773994
-0.2725376295498433
-0.5400662794919292
-0.5400662794919292
-0.5400662794919292
-0.27253762954984356
-0.8075949294340148
-0.5400662794919292
-0.2725376295498433
-0.8075949294340151
-0.2725376295498433
-0.8075949294340151
-0.7368568629773994
-0.5400662794919292
-0.8075949294340151
-0.5400662794919325
-0.2725376295498466
-0.5490812095500989
-0.5490812095500992
-0.5400662794919325
-0.8075949294340181
-0.5490812095500985
-0.5400662794919325
-0.5400662794919325
-0.27253762954984695
-0.5400662794919325
-0.5400662794919325
0.0040059504504053045
-0.8075949294340181
-0.8075949294340181
-0.5400662794919325
-0.2725376295498466
-0.5490812095500989
-0.5490812095500992
-0.5400662794919325
-0.8075949294340181
-0.5490812095500985
-0.5400662794919325
-0.5400662794919325
-0.27253762954984695
-0.5400662794919325
-0.5400662794919325
0.0040059504504053045
-0.8075949294340181
-0.8075949294340181
-0.334260765948296
-1.0661086493179377
-0.5490812095500992
-0.5400662794919325
-0.5400662794919325
-0.27253762954984695
-0.8075949294340181
-0.2725376295498466
-0.5400662794919325
-0.27253762954984695
-0.7368568629774027
-0.5400662794919325
-0.27253762954984695
-0.8075949294340184
-0.8075949294340184
-0.8075949294340148
0.004005950450408635
-0.5400662794919292
-0.5400662794919292
-0.5400662794919292
-0.5400662794919292
-0.7458717930355657
-1.0661086493179344
-0.5400662794919292
-0.5490812095500958
-0.5400662794919292
-0.7368568629773994
-0.343275696006459
-0.5400662794919292
-1.0661086493179344
-0.5400662794919292
-0.2725376295498433
-0.3342607659482927
-0.8075949294340151
-0.343275696006459
-0.343275696006459
-0.5400662794919292
-0.5310513494337629
-0.8075949294340148
-0.8075949294340148
-0.27253762954984356
-0.7368568629773994
-0.8075949294340151
-0.5400662794919292
-0.8075949294340148
-0.5400662794919325
-0.2725376295498466
-0.334260765948296
-0.8075949294340184
-0.34327569600646235
-0.34327569600646235
-0.5400662794919325
-0.5310513494337662
-0.8075949294340181
-0.8075949294340181
-0.27253762954984695
-0.7368568629774027
-0.8075949294340184
-0.5400662794919325
-0.8075949294340181
-0.2725376295498466
-0.5400662794919325
-0.5400662794919325
-0.2725376295498466
-0.334260765948296
-0.8075949294340184
-0.34327569600646235
-0.34327569600646235
-0.5400662794919325
-0.5310513494337662
-0.8075949294340181
-0.8075949294340181
-0.27253762954984695
-0.7368568629774027
-0.8075949294340184
-0.5400662794919325
-0.8075949294340181
-0.2725376295498466
-0.5400662794919325
-0.3342607659482927
-1.0661086493179344
-0.5490812095500958
-0.5400662794919292
-0.5400662794919292
-0.27253762954984356
-0.8075949294340148
-0.2725376295498433
-0.5400662794919292
-0.27253762954984356
-0.7368568629773994
-0.5400662794919292
-0.27253762954984356
-0.8075949294340151
-0.8075949294340151
-0.334260765948296
-1.0661086493179377
-0.5490812095500992
-0.5400662794919325
-0.5400662794919325
-0.27253762954984695
-0.8075949294340181
-0.2725376295498466
-0.5400662794919325
-0.27253762954984695
-0.7368568629774027
-0.5400662794919325
-0.27253762954984695
-0.8075949294340184
-0.8075949294340184
-0.34327569600646235
-0.5400662794919325
-0.7368568629774027
-0.5400662794919325
-0.7278419329192364
-0.8075949294340181
-0.5400662794919325
0.0040059504504053045
-0.5400662794919325
-0.5400662794919325
-0.5400662794919325
-0.5400662794919325
-0.5400662794919325
-1.0661086493179377
-0.8075949294340184
-18.873938811102562
-18.873938811102562
-18.873938811102562
-18.873938811102562
-20.744388196935706
-31.972640104048963
-18.873938811102562
-20.744388196935702
-18.873938811102562
-18.873938811102562
-18.873938811102562
-18.873938811102562
-18.873938811102562
9.193913160623383
-5.77523751815616
-0.17549108294926907
-0.3576573796936826
-0.5398236764380961
-0.3576573796936826
-0.5286957289755732
-0.742206876510299
-0.3576573796936826
0.4225695614020741
-0.3576573796936826
-0.3576573796936826
-0.3576573796936826
-0.3576573796936826
-0.3576573796936826
-1.1156284258643931
-1.1156284258643931
